# Time-averaged data for fix msdout
# TimeStep c_msd[1] c_msd[2] c_msd[3] c_msd[4]
0 4.57534e-13 4.41069e-13 4.31408e-13 1.33001e-12
250 0.602053 0.626819 0.60539 1.83426
500 1.18779 1.19206 1.25559 3.63543
750 1.66488 1.74014 1.76335 5.16837
1000 2.44735 2.32516 2.43326 7.20577
1250 2.97671 2.83617 2.71167 8.52455
1500 3.19656 3.55617 3.27235 10.0251
1750 3.78396 4.15715 3.79504 11.7362
2000 4.40805 4.76003 4.33488 13.503
2250 4.84132 5.35806 4.99524 15.1946
2500 5.0757 5.59319 5.3595 16.0284
2750 5.58105 6.1656 5.80441 17.5511
3000 6.35177 6.83597 6.49166 19.6794
3250 6.53398 7.3341 7.0882 20.9563
3500 7.15145 7.91259 7.58607 22.6501
3750 7.75788 8.35521 8.04766 24.1608
4000 8.38931 8.9912 9.03603 26.4165
4250 9.15716 9.86286 10.1064 29.1264
4500 9.59775 10.4135 10.4286 30.4398
4750 10.3694 10.5393 10.8732 31.7819
5000 10.8215 10.9136 11.0105 32.7457
5250 11.2847 11.0943 11.4005 33.7795
5500 11.7609 11.7772 11.9221 35.4602
5750 12.4415 12.0401 12.5746 37.0563
6000 12.7605 12.5946 12.8105 38.1656
6250 13.5596 13.636 13.4501 40.6457
6500 13.9988 14.326 13.9349 42.2597
6750 14.5344 14.9505 14.2766 43.7615
7000 15.1158 15.127 14.7237 44.9665
7250 15.4494 16.0583 15.0607 46.5684
7500 16.1632 16.2973 15.4928 47.9533
7750 16.809 16.4514 15.9138 49.1743
8000 17.3749 16.6434 16.2662 50.2846
8250 17.9411 17.0326 17.0078 51.9815
8500 18.8154 17.5734 17.3393 53.7281
8750 19.1534 17.4595 17.9161 54.529
9000 19.8164 18.1602 18.5508 56.5275
9250 20.3395 18.7003 19.0313 58.0711
9500 21.0152 19.1229 19.8691 60.0073
9750 21.4619 19.8386 20.3563 61.6568
10000 22.0376 19.9847 20.9761 62.9983
10250 22.4169 20.5385 22.1151 65.0706
10500 22.8338 21.6073 22.7749 67.2161
10750 23.1763 22.1081 23.1617 68.4461
11000 24.1618 23.1702 23.7292 71.0612
11250 25.2564 24.3146 24.0526 73.6236
11500 26.2948 24.8164 24.7591 75.8702
11750 26.6057 25.651 25.0043 77.261
12000 27.2133 25.9961 25.7822 78.9916
12250 27.5322 26.5868 26.4499 80.5689
12500 28.2449 27.0938 26.8186 82.1573
12750 28.7176 28.1958 27.2569 84.1704
13000 28.6391 28.828 27.7283 85.1953
13250 29.3366 29.0102 28.3297 86.6765
13500 29.7181 28.958 29.0918 87.7679
13750 29.9149 29.4247 30.096 89.4355
14000 30.264 29.6222 30.5215 90.4077
14250 30.6356 30.0113 30.4525 91.0994
14500 31.0419 30.9815 30.9361 92.9594
14750 31.468 31.4924 31.3316 94.2919
15000 31.6811 32.0514 31.6132 95.3456
15250 32.3202 32.3183 32.0902 96.7287
15500 33.6639 32.1215 32.2577 98.0431
15750 33.6117 32.4724 33.0287 99.1128
16000 34.1691 33.179 33.6947 101.043
16250 34.5214 33.9531 34.2037 102.678
16500 34.9655 34.6122 35.1352 104.713
16750 35.8472 35.4363 35.5636 106.847
17000 36.3597 35.6762 36.3098 108.346
17250 36.7803 36.7401 37.3003 110.821
17500 37.1121 37.0374 37.7726 111.922
17750 37.9172 37.7396 38.2828 113.94
18000 38.7943 38.4213 38.5544 115.77
18250 39.6904 38.8928 39.2457 117.829
18500 40.7641 39.1785 39.848 119.791
18750 41.0667 40.1345 40.8537 122.055
19000 41.9056 40.8653 41.4919 124.263
19250 42.3506 41.8712 42.2184 126.44
19500 42.5496 43.0306 42.8472 128.427
19750 43.059 44.4214 43.0346 130.515
20000 43.1306 44.9282 43.3704 131.429
20250 43.298 45.2015 43.5417 132.041
20500 44.1442 45.421 44.2766 133.842
20750 44.5681 46.1003 45.1295 135.798
21000 45.5426 47.3716 45.2729 138.187
21250 46.4771 48.7414 45.6721 140.891
21500 46.572 49.1723 46.6225 142.367
21750 46.676 49.2795 47.351 143.307
22000 47.1369 49.4667 47.6654 144.269
22250 47.2866 50.3225 48.1677 145.777
22500 48.1066 51.4377 49.2141 148.758
22750 48.8837 51.6819 50.1819 150.747
23000 49.7198 51.6761 50.657 152.053
23250 50.8291 52.0877 51.2697 154.186
23500 50.6225 52.7986 52.3088 155.73
23750 50.7899 52.3633 52.6412 155.794
24000 51.3183 52.9863 52.3043 156.609
24250 52.3295 54.2037 52.6076 159.141
24500 52.6435 55.0989 53.4489 161.191
24750 53.0956 55.6775 53.5821 162.355
25000 54.0704 56.3637 53.7081 164.142
25250 54.093 56.6995 53.7512 164.544
25500 54.4244 57.3453 53.6207 165.39
25750 55.6501 57.8399 54.4611 167.951
26000 56.5269 58.7716 55.1311 170.43
26250 57.3574 58.6809 56.0044 172.043
26500 57.6129 58.4647 56.8076 172.885
26750 57.9678 58.7311 56.9897 173.689
27000 58.6287 58.6985 57.9174 175.245
27250 58.917 59.2695 58.4014 176.588
27500 59.4937 60.204 59.3674 179.065
27750 60.1211 59.5228 59.578 179.222
28000 60.4104 60.5499 60.0481 181.008
28250 61.1275 60.7934 60.5029 182.424
28500 61.466 61.5354 60.4647 183.466
28750 62.102 61.9928 61.297 185.392
29000 62.0715 62.8476 61.4228 186.342
29250 63.4805 63.2976 61.3058 188.084
29500 64.4624 64.208 62.298 190.968
29750 65.183 64.3757 64.1683 193.727
30000 65.8104 64.838 65.3585 196.007
30250 66.6749 64.5023 66.1996 197.377
30500 68.1194 64.3499 67.0488 199.518
30750 68.5484 64.6998 67.6747 200.923
31000 69.3323 65.568 68.5941 203.494
31250 70.2761 66.1233 69.6346 206.034
31500 70.7711 66.5286 69.8395 207.139
31750 71.4067 67.3116 69.6517 208.37
32000 72.2656 67.9364 69.4428 209.645
32250 72.9592 68.5976 69.0058 210.563
32500 73.1931 69.2374 69.0235 211.454
32750 73.8372 69.7505 69.4504 213.038
33000 75.0221 70.1972 69.899 215.118
33250 76.0538 70.3421 70.7461 217.142
33500 76.8321 71.3175 71.1877 219.337
33750 76.9031 72.3902 72.4167 221.71
34000 76.6612 72.4777 73.6458 222.785
34250 77.2715 72.9568 74.5574 224.786
34500 77.8326 73.2603 74.0919 225.185
34750 78.8436 74.7848 74.4736 228.102
35000 79.1639 74.925 75.6936 229.783
35250 78.8165 74.9948 76.2543 230.066
35500 79.1454 75.751 77.4267 232.323
35750 79.869 76.1383 78.5066 234.514
36000 80.3938 76.8369 79.9898 237.22
36250 80.8094 77.6804 82.7146 241.204
36500 80.0083 77.4142 83.5918 241.014
36750 80.8409 78.9277 84.5133 244.282
37000 81.4594 79.7219 85.1612 246.343
37250 82.6799 80.2079 86.3838 249.272
37500 83.8183 80.7148 86.8392 251.372
37750 84.4013 81.5288 88.3049 254.235
38000 85.4385 82.2515 87.7951 255.485
38250 85.7715 83.6008 88.6085 257.981
38500 86.3828 84.5854 89.2791 260.247
38750 86.8643 84.548 89.8829 261.295
39000 88.1084 85.5464 90.0829 263.738
39250 88.3552 85.7808 91.2394 265.375
39500 89.4879 85.6785 91.8966 267.063
39750 90.3928 86.8095 92.144 269.346
40000 92.3025 87.0964 91.5111 270.91
40250 94.144 88.7218 91.681 274.547
40500 96.2927 88.9513 91.8877 277.132
40750 98.3784 89.2321 92.3872 279.998
41000 99.4018 89.9295 91.9194 281.251
41250 101.639 90.6482 92.4841 284.771
41500 102.515 90.8871 93.0475 286.45
41750 102.558 91.3791 93.6047 287.542
42000 103.442 91.9185 94.4988 289.86
42250 102.86 92.9931 94.7382 290.591
42500 104.534 93.4335 95.5171 293.484
42750 104.474 93.6731 96.769 294.917
43000 104.136 94.2554 97.2019 295.594
43250 104.319 94.9364 96.5614 295.817
43500 104.257 95.5936 96.8314 296.682
43750 104.581 96.6222 96.1432 297.346
44000 105.674 96.7745 96.8288 299.277
44250 106.932 97.0252 97.7317 301.689
44500 107.593 97.4586 98.4575 303.51
44750 108.416 97.3981 99.324 305.138
45000 109.429 97.5626 99.987 306.979
45250 110.948 97.9167 100.826 309.69
45500 111.473 98.8502 101.381 311.704
45750 111.366 100.238 101.215 312.819
46000 111.567 101.187 101.824 314.577
46250 111.401 102.065 102.881 316.347
46500 111.733 102.343 103.976 318.051
46750 112.408 102.854 104.534 319.796
47000 112.866 103.27 104.358 320.494
47250 113.189 104.048 104.756 321.993
47500 112.518 105.106 105.489 323.112
47750 112.948 105.553 106.037 324.539
48000 113.14 107.21 105.639 325.989
48250 114.53 107.281 106.537 328.348
48500 115.515 108.03 106.242 329.787
48750 116.105 108.71 106.307 331.122
49000 117.065 109.865 106.345 333.275
49250 118.679 110.564 106.587 335.829
49500 119.043 111.828 106.237 337.108
49750 118.391 112.907 107.808 339.106
50000 118.687 111.824 108.891 339.402
50250 120.037 111.334 109.262 340.633
50500 120.391 112.376 109.508 342.275
50750 120.904 112.021 110.078 343.004
51000 121.858 112.136 110.06 344.053
51250 122.045 112.496 109.171 343.713
51500 122.924 113.358 109.271 345.553
51750 123.427 114 109.496 346.922
52000 123.382 114.349 110.671 348.402
52250 123.826 115.16 110.474 349.46
52500 123.518 116.223 111.16 350.901
52750 124.177 117.016 112.888 354.081
53000 125.113 117.169 113.377 355.659
53250 125.345 117.135 115.146 357.626
53500 125.315 117.002 116.082 358.4
53750 125.744 116.833 116.043 358.62
54000 125.378 117.554 115.819 358.751
54250 126.92 117.778 116.361 361.059
54500 129.137 117.527 116.587 363.251
54750 129.53 118.1 117.384 365.014
55000 131.363 117.57 118.604 367.537
55250 132.037 117.881 118.978 368.896
55500 133.259 118.355 119.797 371.411
55750 133.637 117.89 120.383 371.911
56000 134.94 117.171 119.976 372.087
56250 134.978 117.554 120.095 372.627
56500 134.238 117.125 120.112 371.475
56750 134.346 117.909 120.032 372.287
57000 135.504 117.225 121.992 374.721
57250 135.267 117.754 122.32 375.342
57500 136.518 119.646 123.5 379.664
57750 137.627 120.039 123.98 381.645
58000 138.987 121.487 124.705 385.179
58250 139.752 121.859 124.346 385.957
58500 141.136 122.983 125.606 389.725
58750 141.585 123.399 125.316 390.3
59000 143.137 124.887 126.051 394.076
59250 144.951 126.189 126.779 397.92
59500 144.756 126.211 126.655 397.623
59750 145.591 126.657 126.317 398.564
60000 146.888 126.884 126.563 400.334
60250 147.01 127.286 126.555 400.851
60500 148.103 127.56 127.215 402.879
60750 149.745 128.35 129.521 407.616
61000 150.715 128.267 129.541 408.522
61250 150.21 128.787 129.769 408.767
61500 151.053 128.648 129.707 409.408
61750 151.751 129.42 130.526 411.697
62000 151.719 129.918 132.313 413.951
62250 152.712 130.507 133.054 416.273
62500 153.671 131.606 132.875 418.152
62750 154.03 132.227 134.408 420.665
63000 154.975 133.155 134.931 423.061
63250 155.366 132.883 134.249 422.498
63500 156.165 132.622 134.647 423.434
63750 156.491 133.558 134.67 424.719
64000 157.555 134.305 134.839 426.7
64250 157.005 135.003 134.549 426.557
64500 157.401 135.611 135.663 428.675
64750 156.987 136.682 136.011 429.681
65000 158.889 137.256 137.686 433.831
65250 159.395 137.113 137.821 434.329
65500 159.394 137.144 139.017 435.554
65750 159.619 138.001 139.055 436.675
66000 160.843 138.297 138.993 438.133
66250 160.661 139.234 141.335 441.23
66500 161.726 138.534 141.839 442.098
66750 163.569 138.321 142.709 444.599
67000 163.817 139.377 143.571 446.766
67250 165.83 140.249 144.893 450.972
67500 166.92 140.229 145.199 452.349
67750 166.503 141.251 145.499 453.253
68000 168.147 142.523 146.072 456.742
68250 168.403 143.216 145.879 457.498
68500 169.248 145.16 146.404 460.812
68750 171.097 145.512 147.474 464.084
69000 172.093 145.892 147.764 465.749
69250 171.142 145.485 147.549 464.177
69500 172.877 145.808 148.074 466.759
69750 174.263 147.2 148.527 469.99
70000 175.041 147.274 149.446 471.761
70250 175.975 148.277 150.408 474.66
70500 177.855 149.852 151.371 479.078
70750 178.494 150.613 151.829 480.936
71000 179.505 151.863 152.089 483.457
71250 180.899 152.471 152.736 486.107
71500 180.344 153.152 151.663 485.159
71750 181.244 153.765 152.685 487.695
72000 182.203 154.162 152.34 488.704
72250 183.886 154.274 152.456 490.616
72500 184.644 155.074 151.517 491.235
72750 184.789 154.819 151.938 491.546
73000 185.854 155.14 152.264 493.258
73250 187.389 155.847 152.415 495.651
73500 188.441 157.307 152.808 498.556
73750 189.206 157.363 153.397 499.965
74000 188.955 157.73 153.396 500.081
74250 189.308 157.943 153.815 501.066
74500 189.016 158.171 155.492 502.678
74750 189.908 159.155 156.012 505.075
75000 191.427 159.253 157.2 507.88
75250 191.822 160.036 158.142 510
75500 191.959 161.097 159.018 512.074
75750 191.307 161.185 159.462 511.954
76000 190.998 161.724 160.05 512.772
76250 191.986 161.197 160.547 513.73
76500 193.215 162.313 161.252 516.78
76750 193.856 162.886 162.951 519.693
77000 194.017 163.097 163.699 520.813
77250 194.514 163.677 164.75 522.94
77500 195.514 164.008 165.875 525.397
77750 196.295 164.45 165.92 526.666
78000 196.706 165.132 166.442 528.279
78250 197.011 166.2 167.539 530.75
78500 198.625 167.563 168.451 534.639
78750 198.432 167.431 170.512 536.375
79000 198.919 167.623 172.568 539.11
79250 199.675 168.094 172.144 539.913
79500 199.935 167.991 172.787 540.713
79750 201.239 168.504 172.647 542.39
80000 201.525 167.99 172.721 542.235
80250 202.266 168.804 173.166 544.236
80500 203.072 169.707 174.197 546.976
80750 203.229 170.064 174.536 547.829
81000 204.259 170.658 175.393 550.31
81250 204.12 171.494 175.197 550.811
81500 203.989 172.087 175.751 551.827
81750 205.3 171.838 177.03 554.168
82000 206.247 172.066 179.142 557.456
82250 206.139 173.034 180.036 559.21
82500 206.847 174.333 180.729 561.909
82750 207.157 174.304 180.572 562.034
83000 207.555 175.895 180.869 564.319
83250 208.753 176.237 181.498 566.488
83500 208.021 176.813 181.7 566.535
83750 208.152 176.601 183.285 568.037
84000 208.28 177.021 184.007 569.308
84250 208.706 177.51 184.791 571.006
84500 209.832 178.897 184.991 573.72
84750 209.471 179.72 185.695 574.886
85000 210.215 180.544 185.896 576.655
85250 210.212 179.77 186.7 576.682
85500 211.646 179.664 187.77 579.08
85750 212.034 179.988 187.888 579.91
86000 212.512 180.361 188.971 581.844
86250 214.233 181.634 190.754 586.621
86500 214.381 182.473 191.141 587.995
86750 214.54 183.303 191.716 589.558
87000 214.297 183.704 192.02 590.022
87250 215.234 183.689 192.511 591.434
87500 214.511 183.526 192.441 590.478
87750 215.213 183.708 192.614 591.535
88000 216.526 183.23 193.215 592.971
88250 216.486 183.31 194.591 594.387
88500 217.135 184.465 194.514 596.113
88750 217.758 185.668 194.228 597.654
89000 218.051 185.173 194.733 597.957
89250 219.21 185.714 194.527 599.452
89500 220.058 185.852 195.711 601.62
89750 222.451 186.571 194.996 604.019
90000 222.219 188.085 196.042 606.346
90250 222.475 188.144 196.706 607.325
90500 224.731 188.87 197.307 610.908
90750 224.608 190.111 197.308 612.027
91000 224.859 190.84 197.534 613.233
91250 226.918 190.68 198.551 616.149
91500 229.304 192.259 199.746 621.308
91750 230.624 193.268 200.138 624.03
92000 230.732 194.974 199.136 624.842
92250 230.159 195.934 200.193 626.286
92500 230.477 197.119 200.302 627.897
92750 232.358 198.24 200.116 630.715
93000 232.852 199.406 201.662 633.919
93250 233.483 199.811 203.149 636.443
93500 233.419 199.931 203.712 637.063
93750 234.13 202.384 203.635 640.149
94000 235.328 203.196 205.407 643.931
94250 236.144 203.762 204.515 644.422
94500 237.481 203.718 204.768 645.967
94750 238.138 203.78 205.054 646.972
95000 237.758 203.367 206.39 647.515
95250 238.187 203.793 206.609 648.589
95500 238.266 203.458 207.389 649.114
95750 239.479 202.04 207.851 649.37
96000 240.813 202.175 207.653 650.641
96250 241.852 203.415 206.557 651.824
96500 241.557 204.752 207.451 653.759
96750 241.474 205.622 208.337 655.433
97000 242.604 205.982 208.507 657.093
97250 243.585 207.286 208.376 659.248
97500 242.548 208.006 208.971 659.526
97750 245.025 209.267 210.04 664.332
98000 245.864 209.441 209.217 664.523
98250 247.193 210.386 209.781 667.36
98500 249.305 211.426 210.637 671.368
98750 249.126 212.488 211.367 672.981
99000 248.874 213.851 211.738 674.463
99250 249.667 213.853 212.089 675.609
99500 249.273 213.679 212.692 675.645
99750 250.366 213.801 214.568 678.734
100000 249.52 213.196 215.817 678.534
100250 249.474 212.403 215.797 677.675
100500 250.159 214.166 217.098 681.423
100750 249.625 214.26 217.023 680.907
101000 249.469 215.062 218.857 683.389
101250 249.362 214.938 219.605 683.904
101500 250.279 214.92 220.016 685.215
101750 250.839 215.322 221.058 687.219
102000 251.996 215.116 221.043 688.155
102250 251.541 215.691 220.722 687.953
102500 251.762 218.401 220.197 690.36
102750 253.063 219.641 220.039 692.743
103000 252.755 220.892 221.71 695.358
103250 251.898 220.802 222.716 695.415
103500 251.339 221.369 223.844 696.553
103750 250.974 222.64 225.022 698.635
104000 251.348 223.323 225.628 700.299
104250 251.128 223.713 225.777 700.619
104500 250.613 224.445 226.281 701.338
104750 252.282 224.94 227.736 704.958
105000 252.399 225.055 228.418 705.872
105250 253.035 224.656 230.45 708.141
105500 253.727 225.793 231.6 711.12
105750 254.296 227.044 232.116 713.456
106000 254.909 227.884 232.744 715.538
106250 255.758 229.486 232.931 718.176
106500 255.841 231.66 234.078 721.579
106750 257.335 232.336 234.052 723.723
107000 257.761 232.335 235.196 725.292
107250 259.077 233.394 236.248 728.719
107500 259.974 234.745 236.21 730.929
107750 261.124 235.478 235.955 732.557
108000 261.744 235.623 234.895 732.262
108250 262.68 235.212 235.06 732.951
108500 264.77 237.837 237.528 740.135
108750 264.783 238.004 238.489 741.276
109000 265.278 238.675 240.564 744.518
109250 264.709 239.3 241.635 745.644
109500 264.627 239.524 241.893 746.044
109750 264.617 239.075 243.198 746.89
110000 265.531 239.59 244.885 750.007
110250 267.121 239.575 244.797 751.493
110500 268.37 240.873 245.204 754.447
110750 269.487 242.2 245.625 757.313
111000 269.909 242.752 246.747 759.409
111250 269.955 243.525 247.184 760.663
111500 270.236 242.93 247.769 760.935
111750 270.769 243.636 248.649 763.054
112000 272.566 244.068 249.317 765.951
112250 273.245 243.57 248.065 764.881
112500 273.786 244.398 248.451 766.635
112750 274.196 244.257 249.084 767.537
113000 276.634 244.371 249.911 770.917
113250 277.003 244.073 250.226 771.302
113500 277.02 244.165 250.488 771.672
113750 279.094 244.705 251.239 775.038
114000 279.231 243.945 251.218 774.395
114250 280.098 244.529 251.088 775.715
114500 279.897 244.208 252.214 776.319
114750 278.377 244.87 253.158 776.405
115000 279.215 244.672 252.261 776.148
115250 280.671 245.242 252.808 778.721
115500 282.39 243.893 254.109 780.391
115750 283.861 244.333 254.256 782.45
116000 285.182 244.263 253.966 783.411
116250 284.859 244.172 256.031 785.062
116500 287.313 245.043 257.477 789.833
116750 288.093 245.652 257.609 791.354
117000 289.046 245.46 258.008 792.514
117250 290.026 246.009 257.335 793.37
117500 291.275 245.852 260.512 797.638
117750 290.515 247.149 259.995 797.659
118000 294.002 250.17 261.426 805.599
118250 294.896 251.466 262.926 809.289
118500 295.367 251.787 263.893 811.047
118750 295.622 251.373 265.657 812.652
119000 295.611 253.143 266.282 815.036
119250 296.669 252.824 265.661 815.153
119500 296.709 252.797 266.436 815.943
119750 297.469 252.199 265.876 815.543
120000 297.876 253.795 267.209 818.88
120250 297.175 254.787 266.95 818.911
120500 298.454 255.219 267.741 821.414
120750 298.159 254.236 268.512 820.906
121000 298.67 253.866 270.275 822.812
121250 297.72 254.588 270.435 822.743
121500 298.144 256.032 269.441 823.617
121750 298.378 256.283 269.45 824.111
122000 299.321 257.475 270.595 827.391
122250 299.317 256.256 270.384 825.956
122500 299.922 256.514 270.76 827.196
122750 299.806 257.425 271.079 828.31
123000 299.442 257.928 272.25 829.62
123250 299.718 259.046 273.211 831.975
123500 300.775 259.535 273.19 833.5
123750 301.714 261.718 273.906 837.339
124000 302.824 261.403 273.672 837.899
124250 303.526 261.636 274.692 839.854
124500 304.658 262.492 275.245 842.394
124750 306.375 262.943 276.64 845.958
125000 306.809 264.52 278.245 849.573
125250 307.234 266.153 279.713 853.1
125500 309.026 267.558 280.761 857.345
125750 309.155 267.801 281.164 858.119
126000 308.498 267.826 282.084 858.408
126250 309.025 267.367 282.414 858.806
126500 309.724 267.498 282.867 860.089
126750 311.679 266.926 283.613 862.218
127000 313.053 268.405 283.498 864.956
127250 314.762 268.892 283.609 867.264
127500 315.465 269.019 284.718 869.203
127750 316.282 270.002 285.622 871.906
128000 316.93 270.807 286.754 874.491
128250 317.769 271.203 287.39 876.362
128500 319.347 271.122 288.855 879.324
128750 320.401 271.044 289.624 881.069
129000 321.841 271.756 290.564 884.162
129250 325.126 271.789 290.127 887.043
129500 324.233 272.409 291.666 888.308
129750 324.544 273.556 292.892 890.992
130000 325.32 275.124 293.604 894.047
130250 325.627 274.343 294.586 894.556
130500 327.376 274.702 296.834 898.912
130750 328.816 275.246 298.02 902.083
131000 328.07 275.745 299.223 903.038
131250 328.222 276.472 300.336 905.03
131500 329.376 278.609 300.583 908.568
131750 330.839 279.889 301.155 911.883
132000 330.593 280.759 301.186 912.537
132250 331.094 281.813 303.334 916.241
132500 330.032 284.059 303.591 917.682
132750 331.218 285.344 302.587 919.149
133000 331.574 285.548 302.669 919.792
133250 330.386 286.122 303.39 919.898
133500 330.871 285.635 303.48 919.986
133750 332.049 286.975 304.443 923.466
134000 333.034 286.791 304.589 924.414
134250 332.972 288.185 305.021 926.178
134500 333.656 289.168 305.543 928.367
134750 334.328 288.749 306.379 929.457
135000 337.057 290.534 306.214 933.806
135250 337.873 289.523 307.236 934.633
135500 339.554 291.161 309.55 940.265
135750 339.596 292.25 311.25 943.096
136000 338.79 290.401 310.138 939.33
136250 338.564 292.003 311.069 941.636
136500 338.288 292.463 312.265 943.015
136750 337.582 293.333 312.161 943.076
137000 338.718 293.373 312.256 944.347
137250 338.348 293.202 312.842 944.392
137500 338.209 294.452 315.282 947.942
137750 339.293 293.461 315.341 948.095
138000 338.967 293.739 315.854 948.561
138250 338.912 295.03 315.034 948.976
138500 339.846 295.486 316.915 952.247
138750 341.55 294.667 318.209 954.426
139000 341.975 295.397 318.355 955.727
139250 341.054 297.664 320.018 958.737
139500 339.491 296.75 320.437 956.678
139750 341.761 299.588 320.467 961.816
140000 341.604 301.659 320.114 963.377
140250 342.563 301.739 321.208 965.51
140500 343.223 301.817 322.074 967.114
140750 342.678 301.407 322.979 967.064
141000 344.121 301.251 322.59 967.962
141250 345.301 300.612 323.769 969.682
141500 346.429 302.687 322.622 971.739
141750 346.538 301.971 324.029 972.539
142000 346.661 302.997 324.32 973.978
142250 347.043 303.618 323.685 974.346
142500 346.622 302.756 324.729 974.106
142750 347.458 302.014 323.528 973.001
143000 347.891 302.017 322.776 972.684
143250 349.048 303.606 323.847 976.501
143500 349.945 304.916 323.209 978.07
143750 349.173 305.562 322.443 977.178
144000 350.955 304.63 321.991 977.576
144250 351.886 303.815 320.926 976.627
144500 353.085 303.548 320.872 977.504
144750 350.802 305.221 323.124 979.147
145000 352.478 305.585 325.345 983.408
145250 352.876 306.696 326.004 985.577
145500 353.167 305.227 325.826 984.22
145750 353.29 305.853 325.791 984.934
146000 352.618 306.31 325.736 984.663
146250 352.055 306.96 327.403 986.417
146500 353.085 308.297 326.69 988.072
146750 354.061 309.71 326.471 990.242
147000 354.776 310.023 326.322 991.121
147250 354.769 311.888 326.288 992.946
147500 354.17 312.759 326.915 993.844
147750 355.784 313.483 325.289 994.555
148000 357.158 313.629 324.551 995.338
148250 357.623 314.261 326.657 998.541
148500 357.404 314.076 326.309 997.789
148750 357.567 313.871 326.479 997.917
149000 357.149 313.772 326.157 997.078
149250 358.739 315.218 326.828 1000.79
149500 359.049 315.907 328.395 1003.35
149750 360.652 315.202 328.904 1004.76
150000 362.164 314.122 329.576 1005.86
150250 363.001 315.174 328.861 1007.04
150500 364.162 317.21 329.569 1010.94
150750 364.838 316.118 329.224 1010.18
151000 365.773 317.93 330.134 1013.84
151250 366.65 318.401 330.629 1015.68
151500 366.745 319.208 330.941 1016.89
151750 368.741 319.705 330.929 1019.37
152000 371.721 318.32 332.49 1022.53
152250 372.774 319.745 333.78 1026.3
152500 373.659 320.894 334.067 1028.62
152750 374.352 321.792 333.16 1029.3
153000 375.947 322.075 333.148 1031.17
153250 375.795 323.465 333.857 1033.12
153500 377.918 323.943 334.32 1036.18
153750 376.949 325.532 335.059 1037.54
154000 376.447 324.545 337.071 1038.06
154250 377.874 324.861 338.492 1041.23
154500 379.429 326.896 338.109 1044.43
154750 379.036 327.443 338.416 1044.9
155000 378.038 327.849 338.373 1044.26
155250 378.491 330.014 338.392 1046.9
155500 380.04 328.63 337.968 1046.64
155750 381.114 329.036 338.902 1049.05
156000 381.854 331.74 338.807 1052.4
156250 383.967 331.29 339.455 1054.71
156500 385.127 330.493 339.765 1055.38
156750 387.663 330.883 341.169 1059.72
157000 388.481 329.796 342.203 1060.48
157250 388.279 331.921 340.419 1060.62
157500 389.572 331.592 341.122 1062.29
157750 391.344 332.764 340.725 1064.83
158000 392.531 333.317 341.985 1067.83
158250 391.877 335.044 343.742 1070.66
158500 391.391 335.459 343.053 1069.9
158750 393.452 335.656 344.852 1073.96
159000 396.74 337.348 344.606 1078.69
159250 398.848 338.534 345.49 1082.87
159500 400.354 339.519 346.997 1086.87
159750 400.779 338.895 348.653 1088.33
160000 401.31 340.697 349.88 1091.89
160250 401.71 342.362 351.876 1095.95
160500 401.496 343.267 350.443 1095.21
160750 402.606 343.827 350.343 1096.78
161000 404.372 345.684 350.837 1100.89
161250 404.807 345.424 351.474 1101.7
161500 405.682 347.243 353.039 1105.96
161750 407.395 348.54 353.261 1109.2
162000 409.321 350.481 353.549 1113.35
162250 409.015 351.748 354.224 1114.99
162500 409.259 351.547 354.017 1114.82
162750 410.508 352.958 354.284 1117.75
163000 410.986 353.624 355.725 1120.34
163250 412.359 353.232 356.644 1122.24
163500 413.487 352.589 356.341 1122.42
163750 412.315 352.691 357.086 1122.09
164000 413.117 352.32 356.111 1121.55
164250 413.272 353.509 356.917 1123.7
164500 414.447 354.638 357.861 1126.95
164750 416.756 356.123 357.231 1130.11
165000 417.934 355.155 357.374 1130.46
165250 418.82 357.028 357.425 1133.27
165500 421.882 356.801 358.457 1137.14
165750 423.009 356.428 359.777 1139.21
166000 424.693 358.063 360.448 1143.2
166250 425.28 359.086 362.311 1146.68
166500 426.349 358.2 360.672 1145.22
166750 429.273 359.852 361.62 1150.74
167000 429.779 360.914 363.578 1154.27
167250 429.644 361.758 364.404 1155.81
167500 430.274 362.374 366.079 1158.73
167750 432.407 363.487 366.452 1162.35
168000 431.469 363.066 365.501 1160.04
168250 431.428 364.244 365.275 1160.95
168500 432.017 365.365 364.509 1161.89
168750 432.055 365.849 367.52 1165.42
169000 432.641 365.327 369.505 1167.47
169250 435.623 365.625 369.84 1171.09
169500 437.398 366.393 368.128 1171.92
169750 437.498 368.351 368.744 1174.59
170000 436.683 368.738 370.7 1176.12
170250 436.334 368.503 368.827 1173.66
170500 438.617 369.987 368.808 1177.41
170750 441.192 369.709 369.122 1180.02
171000 440.195 370.326 369.268 1179.79
171250 440.965 369.791 368.878 1179.63
171500 442.131 368.122 369.481 1179.73
171750 444.19 367.681 369.512 1181.38
172000 445.433 367.584 368.52 1181.54
172250 446.007 368.837 370.681 1185.53
172500 445.513 368.797 370.528 1184.84
172750 447.388 369.193 371.172 1187.75
173000 447.918 369.846 371.387 1189.15
173250 447.548 369.266 372.217 1189.03
173500 447.571 369.729 374.305 1191.61
173750 449.804 370.44 375.225 1195.47
174000 450.915 372.429 374.493 1197.84
174250 452.446 372.815 375.926 1201.19
174500 452.133 373.352 378.705 1204.19
174750 452.467 373.936 379.487 1205.89
175000 452.866 375.374 380.823 1209.06
175250 454.891 376.141 382.569 1213.6
175500 457.5 377.875 382.671 1218.05
175750 456.982 377.123 385.027 1219.13
176000 458.963 376.509 385.935 1221.41
176250 460.95 375.586 385.788 1222.32
176500 461.31 375.581 386.933 1223.82
176750 461.731 374.687 387.764 1224.18
177000 463.882 375.31 388.752 1227.94
177250 464.083 375.884 387.576 1227.54
177500 465.083 375.601 386.612 1227.3
177750 465.72 376.177 385.64 1227.54
178000 466.859 376.324 386.704 1229.89
178250 467.765 378.103 385.904 1231.77
178500 470.472 377.159 385.52 1233.15
178750 470.91 378.325 387.801 1237.04
179000 472.651 380.218 388.341 1241.21
179250 475.097 381.912 389.341 1246.35
179500 472.533 382.357 389.111 1244
179750 475.11 382.406 388.871 1246.39
180000 475.466 383.584 390.926 1249.98
180250 476.597 385.079 393.36 1255.04
180500 476.819 385.003 393.567 1255.39
180750 478.979 385.669 393.683 1258.33
181000 479.81 386.528 394.287 1260.62
181250 480.424 385.304 395.056 1260.78
181500 479.753 385.753 396.057 1261.56
181750 480.321 386.803 396.5 1263.62
182000 478.887 387.797 395.675 1262.36
182250 479.945 387.733 396.494 1264.17
182500 479.73 387.028 396.602 1263.36
182750 480.888 387.188 396.154 1264.23
183000 481.98 388.808 396.409 1267.2
183250 482.818 389.481 396.634 1268.93
183500 482.265 390.043 396.636 1268.94
183750 484.726 392.207 396.417 1273.35
184000 487.244 390.269 397.397 1274.91
184250 488.446 390.734 397.26 1276.44
184500 488.778 391.57 399.31 1279.66
184750 489.5 390.607 401.104 1281.21
185000 490.884 390.847 403.381 1285.11
185250 491.38 392.601 402.774 1286.76
185500 492.901 395.1 403.391 1291.39
185750 492.669 394.486 402.276 1289.43
186000 492.499 396.462 403.337 1292.3
186250 493.32 396.238 403.233 1292.79
186500 492.509 395.377 402.665 1290.55
186750 492.858 396.115 401.311 1290.28
187000 494.017 397.394 401.557 1292.97
187250 494.869 398.154 400.649 1293.67
187500 495.123 399.588 401.444 1296.16
187750 496.219 399.886 403.779 1299.88
188000 497.023 400.135 405.13 1302.29
188250 499.094 402.042 407.049 1308.18
188500 499.297 403.363 407.078 1309.74
188750 499.482 404.192 407.039 1310.71
189000 496.944 404.084 408.668 1309.7
189250 496.064 403.992 409.257 1309.31
189500 495.662 403.81 410.456 1309.93
189750 497.541 404.51 410.602 1312.65
190000 496.716 405.825 412.246 1314.79
190250 495.584 407.299 413.942 1316.82
190500 496.06 407.316 415.083 1318.46
190750 496.542 407.994 415.231 1319.77
191000 497.286 408.955 418.219 1324.46
191250 498.243 406.595 417.21 1322.05
191500 499.311 407.839 417.873 1325.02
191750 500.615 409.083 418.681 1328.38
192000 499.876 409.588 418.383 1327.85
192250 499.719 410.316 419.577 1329.61
192500 500.887 409.955 418.319 1329.16
192750 500.55 408.41 419.707 1328.67
193000 498.528 409.428 419.7 1327.66
193250 498.607 410.805 419.844 1329.26
193500 499.176 411.947 420.97 1332.09
193750 500.16 414.44 420.834 1335.43
194000 499.461 414.042 422.8 1336.3
194250 501.297 414.587 422.576 1338.46
194500 502.146 413.011 422.233 1337.39
194750 501.521 413.969 423.494 1338.98
195000 503.029 414.423 423.164 1340.62
195250 504.401 414.528 423.582 1342.51
195500 504.338 412.629 424.46 1341.43
195750 505.712 412.371 424.243 1342.33
196000 506.087 412.147 425.269 1343.5
196250 507.757 411.012 425.232 1344
196500 508.678 411.709 425.631 1346.02
196750 508.621 411.526 426.737 1346.88
197000 509.23 411.872 427.835 1348.94
197250 508.553 411.892 429.264 1349.71
197500 509.154 412.929 429.697 1351.78
197750 508.765 413.432 430.177 1352.37
198000 509.886 414.706 431.278 1355.87
198250 509.752 414.068 431.036 1354.86
198500 509.31 413.73 430.301 1353.34
198750 510.288 415.963 429.844 1356.09
199000 511.26 415.127 430.255 1356.64
199250 513.982 415.343 430.946 1360.27
199500 512.946 416.593 432.26 1361.8
199750 513.784 415.883 432.928 1362.59
200000 513.827 418.226 431.551 1363.6
200250 512.872 418.572 431.965 1363.41
200500 514.253 420.541 433.323 1368.12
200750 516.67 422.823 431.338 1370.83
201000 516.5 424.466 432.641 1373.61
201250 517.888 424.679 432.984 1375.55
201500 518.08 424.548 433.523 1376.15
201750 520.122 424.845 432.383 1377.35
202000 521.685 424.831 431.648 1378.16
202250 522.82 424.554 432.447 1379.82
202500 523.72 422.991 433.98 1380.69
202750 524.657 421.046 434.037 1379.74
203000 523.642 420.844 435.288 1379.77
203250 525.838 421.115 435.61 1382.56
203500 528.077 421.809 436.773 1386.66
203750 527.208 421.059 437.423 1385.69
204000 526.808 422.604 436.902 1386.31
204250 528.175 422.363 436.905 1387.44
204500 527.625 421.355 436.015 1385
204750 526.141 421.835 438.219 1386.2
205000 526.626 422.519 439.829 1388.97
205250 526.565 422.634 438.374 1387.57
205500 527.782 424.228 439.345 1391.35
205750 527.311 427.006 440.06 1394.38
206000 530.091 426.241 440.122 1396.46
206250 529.258 426.303 440.17 1395.73
206500 530.301 427.822 441.248 1399.37
206750 530.585 428.613 440.453 1399.65
207000 531.205 429.603 442.128 1402.94
207250 532.627 431.058 443.639 1407.32
207500 532.615 431.182 444.131 1407.93
207750 532.963 430.147 442.508 1405.62
208000 534.844 430.4 442.879 1408.12
208250 533.666 429.911 443.288 1406.86
208500 533.524 430.899 444.852 1409.27
208750 535.547 431.392 445.504 1412.44
209000 535.649 432.701 446.232 1414.58
209250 535.374 433.937 445.695 1415.01
209500 537.252 434.974 448.262 1420.49
209750 537.248 435.603 448.821 1421.67
210000 537.928 437.171 448.123 1423.22
210250 538.132 437.039 449.157 1424.33
210500 537.362 436.734 449.711 1423.81
210750 538.465 435.715 447.896 1422.08
211000 539.617 435.746 448.149 1423.51
211250 541.086 435.603 447.78 1424.47
211500 543.115 435.804 447.453 1426.37
211750 544.726 435.124 447.445 1427.3
212000 543.633 436.099 447.755 1427.49
212250 544.619 435.337 447.338 1427.29
212500 547.816 434.537 446.121 1428.47
212750 548.053 435.161 447.544 1430.76
213000 549.394 435.55 447.558 1432.5
213250 549.382 435.619 447.655 1432.66
213500 551.272 437.158 448.776 1437.2
213750 552.267 439.497 446.774 1438.54
214000 551.376 439.313 446.314 1437
214250 551.879 440.81 447.468 1440.16
214500 552.511 441.193 445.7 1439.4
214750 553.791 440.878 446.473 1441.14
215000 554.361 441.602 445.917 1441.88
215250 553.438 440.083 445.239 1438.76
215500 554.266 440.263 445.672 1440.2
215750 556.308 440.352 445.752 1442.41
216000 556.892 441.519 446.453 1444.86
216250 558.022 441.042 446.702 1445.77
216500 558.723 440.266 447.713 1446.7
216750 560.735 442.144 448.626 1451.51
217000 562.063 443.112 451.653 1456.83
217250 562.328 443.676 453.203 1459.21
217500 563.223 443.948 454.596 1461.77
217750 564.77 444.203 454.429 1463.4
218000 566.723 444.726 457.449 1468.9
218250 565.349 446.168 458.738 1470.26
218500 566.1 446 459.91 1472.01
218750 566.849 446.235 461 1474.08
219000 568.543 447.703 463.236 1479.48
219250 570.521 449.109 462.649 1482.28
219500 571.011 447.961 462.688 1481.66
219750 571.536 448.416 461.836 1481.79
220000 570.367 447.474 462.907 1480.75
220250 571.023 447.72 462.472 1481.21
220500 571.475 448.907 462.473 1482.85
220750 573.8 450.963 464.696 1489.46
221000 576.036 450.015 465.692 1491.74
221250 575.142 449.439 465.062 1489.64
221500 576.832 450.729 464.633 1492.19
221750 577.897 454.119 464.539 1496.55
222000 578.292 455.848 465.086 1499.23
222250 579.843 456.163 467.855 1503.86
222500 579.598 455.601 467.099 1502.3
222750 582.184 456.913 467.341 1506.44
223000 583.487 456.166 467.003 1506.66
223250 584.244 457.2 465.964 1507.41
223500 583.834 455.181 466.629 1505.64
223750 583.943 455.469 469.842 1509.25
224000 583.422 456.383 469.261 1509.07
224250 583.112 456.366 472.485 1511.96
224500 582.659 457.44 474.132 1514.23
224750 583.506 457.425 472.44 1513.37
225000 585.516 457.68 473.277 1516.47
225250 588.916 457.719 473.141 1519.78
225500 591.49 460.839 472.68 1525.01
225750 592.077 462.052 474.459 1528.59
226000 591.789 463.946 473.928 1529.66
226250 590.89 464.249 474.106 1529.25
226500 592.129 466.005 475.51 1533.64
226750 592.41 466.425 474.455 1533.29
227000 593.61 465.744 474.378 1533.73
227250 595.151 466.181 476.456 1537.79
227500 598.738 466.744 475.775 1541.26
227750 600.673 466.405 476.403 1543.48
228000 598.229 465.531 476.165 1539.93
228250 598.599 464.165 478.382 1541.14
228500 595.951 464.344 480.22 1540.52
228750 596.71 465.752 481.842 1544.3
229000 598.116 466.632 485.694 1550.44
229250 599.671 467.089 485.512 1552.27
229500 599.027 467.305 485.515 1551.85
229750 601.67 468.996 484.676 1555.34
230000 602.934 470.259 486.464 1559.66
230250 602.348 469.286 487.258 1558.89
230500 602.285 469.893 487.957 1560.14
230750 606.137 470.569 488.671 1565.38
231000 607.362 471.769 488.093 1567.23
231250 605.895 473.126 489.072 1568.09
231500 606.444 471.872 492.624 1570.94
231750 606.618 472.33 494.515 1573.46
232000 605.821 474.008 495.942 1575.77
232250 607.214 475.313 496.231 1578.76
232500 609.529 476.563 497.008 1583.1
232750 609.443 478.512 495.663 1583.62
233000 611.555 481.132 497.204 1589.89
233250 610.556 481.029 498.225 1589.81
233500 612.312 482.517 498.74 1593.57
233750 611.655 483.19 500.401 1595.25
234000 611.68 483.658 499.252 1594.59
234250 612.639 486.335 499.664 1598.64
234500 613.025 487.802 498.951 1599.78
234750 610.619 489.137 500.461 1600.22
235000 611.643 488.906 500.08 1600.63
235250 611.55 489.214 501.891 1602.66
235500 612.16 491.62 502.04 1605.82
235750 612.099 493.632 503.581 1609.31
236000 612.62 495.688 501.566 1609.87
236250 612.657 495.564 504.974 1613.2
236500 613.274 497.797 504.677 1615.75
236750 614.672 499.367 505.081 1619.12
237000 616.369 496.626 505.271 1618.27
237250 617.634 498.332 505.973 1621.94
237500 616.534 499.847 507.002 1623.38
237750 614.972 501.108 507.797 1623.88
238000 616.451 501.5 508.023 1625.97
238250 616.92 500.789 508.446 1626.16
238500 615.264 501.011 510.389 1626.66
238750 617.324 501.622 510.209 1629.16
239000 618.479 502.015 508.861 1629.36
239250 620.2 503.482 509.301 1632.98
239500 620.528 503.659 509.781 1633.97
239750 622.298 503.372 511.132 1636.8
240000 621.966 503.243 510.435 1635.64
240250 624.133 504.737 509.75 1638.62
240500 624.035 504.685 510.445 1639.16
240750 625.714 502.952 510.401 1639.07
241000 626.31 503.552 510.901 1640.76
241250 627.022 505.37 514.034 1646.43
241500 629.405 508.482 516.045 1653.93
241750 630.856 509.071 515.676 1655.6
242000 633.29 508.908 515.499 1657.7
242250 633.43 508.45 515.129 1657.01
242500 632.665 509.19 514.752 1656.61
242750 632.149 509.242 514.829 1656.22
243000 633.397 511.227 513.728 1658.35
243250 635.474 510.741 515.783 1662
243500 635.686 511.218 516.626 1663.53
243750 637.759 512.932 516.234 1666.93
244000 638.525 514.531 516.374 1669.43
244250 638.947 514.335 519.542 1672.82
244500 638.323 513.344 520.054 1671.72
244750 640.46 515.213 522.119 1677.79
245000 639.313 515.999 522.102 1677.41
245250 640.658 516.203 522.35 1679.21
245500 640.83 518.332 523.243 1682.41
245750 640.074 518.837 523.642 1682.55
246000 641.185 518.81 524.38 1684.38
246250 640.438 518.496 524.229 1683.16
246500 640.402 520.583 524.015 1685
246750 643.588 522.399 521.547 1687.53
247000 647.386 524.219 523.966 1695.57
247250 646.15 525.824 524.87 1696.84
247500 648.441 525.833 526.653 1700.93
247750 651.478 523.896 526.863 1702.24
248000 652.98 524.236 526.555 1703.77
248250 654.112 524.558 527.119 1705.79
248500 654.708 524.851 529.001 1708.56
248750 657.357 525.639 531.744 1714.74
249000 660.292 526.719 532.318 1719.33
249250 662.14 527.638 535.077 1724.86
249500 662.048 529.313 534.765 1726.13
249750 659.628 530.869 536.725 1727.22
250000 659.687 531.18 537.145 1728.01
250250 661.473 531.294 538.029 1730.8
250500 662.582 530.637 538.272 1731.49
250750 659.688 532.053 539.07 1730.81
251000 660.349 531.448 539.438 1731.24
251250 661.191 534.335 540.435 1735.96
251500 660.956 535 539.094 1735.05
251750 659.323 534.529 539.16 1733.01
252000 659.707 534.054 536.931 1730.69
252250 658.411 534.407 537.295 1730.11
252500 661.375 534.113 536.521 1732.01
252750 662.568 534.999 536.857 1734.42
253000 661.674 534.58 535.165 1731.42
253250 661.153 535.586 535.305 1732.04
253500 661.126 537.771 534.801 1733.7
253750 661.33 539.196 534.628 1735.15
254000 661.496 539.213 535.927 1736.64
254250 661.011 540.04 537.471 1738.52
254500 661.485 541.379 537.917 1740.78
254750 662.014 542.896 542.149 1747.06
255000 662.046 544.381 540.987 1747.41
255250 664.884 544.061 542.737 1751.68
255500 664.73 547.635 542.925 1755.29
255750 664.754 550.295 544.943 1759.99
256000 663.922 549.843 546.738 1760.5
256250 664.441 548.891 546.784 1760.12
256500 665.452 548.175 547.168 1760.8
256750 666.205 550.216 549.182 1765.6
257000 666.987 550.22 551.248 1768.46
257250 666.618 552.906 551.2 1770.72
257500 666.995 554.173 550.762 1771.93
257750 666.826 554.742 551.225 1772.79
258000 667.382 555.236 550.764 1773.38
258250 668.774 555.939 550.858 1775.57
258500 667.864 555.433 551.754 1775.05
258750 668.871 556.177 552.861 1777.91
259000 669.043 556.753 553.973 1779.77
259250 669.729 557.718 554.114 1781.56
259500 669.143 559.874 556.043 1785.06
259750 671.029 558.892 555.975 1785.9
260000 672.307 559.793 557.939 1790.04
260250 671.926 560.263 558.071 1790.26
260500 671.79 561.39 560.247 1793.43
260750 673.517 559.368 560.883 1793.77
261000 675.522 559.564 562.063 1797.15
261250 678.348 560.072 563.475 1801.9
261500 678.718 561.74 562.519 1802.98
261750 679.088 562.204 564.471 1805.76
262000 681.047 562.853 563.922 1807.82
262250 683.78 563.827 564.983 1812.59
262500 683.28 564.808 564.542 1812.63
262750 684.788 567.564 565.572 1817.92
263000 683.932 569.468 565.501 1818.9
263250 684.887 570.95 565.499 1821.34
263500 684.798 571.012 565 1820.81
263750 685.358 570.781 566.277 1822.42
264000 683.749 571.8 567.809 1823.36
264250 682.598 570.643 569.253 1822.49
264500 682.547 572.743 569.929 1825.22
264750 682.618 572.123 569.466 1824.21
265000 683.308 574.677 568.955 1826.94
265250 685.011 577.383 569.149 1831.54
265500 683.641 576.97 569.823 1830.43
265750 684.873 578.047 572.833 1835.75
266000 685.214 579.483 574.018 1838.72
266250 686.323 581.72 574.516 1842.56
266500 686.883 582.421 575.216 1844.52
266750 688.645 582.671 578.158 1849.47
267000 690.006 584.421 576.961 1851.39
267250 689.759 583.119 578.538 1851.42
267500 690.623 582.935 576.518 1850.08
267750 690.937 583.605 576.896 1851.44
268000 695.008 586.182 580.088 1861.28
268250 696.83 586.29 580.456 1863.58
268500 700.496 586.408 581.51 1868.41
268750 701.672 586.273 581.771 1869.72
269000 700.272 586.761 580.419 1867.45
269250 701.737 588.07 583.217 1873.02
269500 699.023 588.466 581.66 1869.15
269750 701.027 588.872 583.104 1873
270000 699.444 588.598 584.232 1872.27
270250 700.933 588.356 583.323 1872.61
270500 700.923 587.896 582.901 1871.72
270750 700.554 588.649 581.241 1870.44
271000 701.631 588.194 581.432 1871.26
271250 704.039 587.786 582.21 1874.04
271500 703.639 588.056 580.834 1872.53
271750 703.465 587.294 582.573 1873.33
272000 703.465 586.965 584.487 1874.92
272250 705.309 587.978 584.092 1877.38
272500 704.514 588.285 583.062 1875.86
272750 706.433 590.063 583.351 1879.85
273000 706.847 591.107 584.304 1882.26
273250 708.956 592.081 585.123 1886.16
273500 711.11 593.389 585.297 1889.8
273750 712.113 595.836 586.865 1894.81
274000 712.873 595.105 587.913 1895.89
274250 712.892 593.769 587.748 1894.41
274500 713.976 595.923 587.726 1897.63
274750 716.555 595.219 588.129 1899.9
275000 717.23 597.198 587.902 1902.33
275250 717.29 596.307 589.918 1903.52
275500 718.727 595.302 589.074 1903.1
275750 719.647 594.958 589.695 1904.3
276000 720.403 595.4 590.063 1905.87
276250 720.104 597.294 589.471 1906.87
276500 719.97 598.536 588.394 1906.9
276750 721.923 600.551 589.375 1911.85
277000 722.4 600.695 590.041 1913.14
277250 722.379 600.957 590.908 1914.24
277500 720.794 602.443 591.68 1914.92
277750 719.639 605.536 593.146 1918.32
278000 719.765 605.881 595.093 1920.74
278250 717.048 607.327 595.009 1919.38
278500 714.326 608.593 597.984 1920.9
278750 716.561 608.559 600.538 1925.66
279000 716.16 606.513 598.01 1920.68
279250 715.726 607.525 597.995 1921.25
279500 717.614 606.836 598.328 1922.78
279750 718.036 605.309 600.471 1923.82
280000 720.281 605.391 601.77 1927.44
280250 721.635 606.949 602.08 1930.66
280500 721.769 604.441 602.73 1928.94
280750 721.161 605.011 603.614 1929.79
281000 719.957 605.971 605.342 1931.27
281250 722.306 607.495 607.435 1937.24
281500 722.892 607.036 608.643 1938.57
281750 723.546 609.36 607.131 1940.04
282000 725.317 611.149 606.828 1943.29
282250 725.444 612.868 606.753 1945.06
282500 727.058 615.79 608.823 1951.67
282750 726.634 615.349 608.834 1950.82
283000 727.159 616.262 609.004 1952.43
283250 727.456 616.757 610.284 1954.5
283500 728.674 619.06 610.313 1958.05
283750 730.863 621.388 609.084 1961.34
284000 731.692 621.396 609.529 1962.62
284250 734.068 620.266 610.168 1964.5
284500 735.25 620.223 611.574 1967.05
284750 735.489 620.325 612.051 1967.86
285000 735.747 620.624 613.645 1970.02
285250 737.816 618.97 614.322 1971.11
285500 737.453 620.908 614.812 1973.17
285750 737.802 620.832 615.282 1973.92
286000 738.672 618.666 616.194 1973.53
286250 738.356 619.487 615.957 1973.8
286500 738.583 618.122 615.712 1972.42
286750 739.947 618.934 614.295 1973.18
287000 740.827 619.336 615.631 1975.79
287250 739.988 620.193 615.206 1975.39
287500 741.941 620.737 614.732 1977.41
287750 744.847 620.121 616.374 1981.34
288000 744.165 619.588 616.062 1979.82
288250 743.355 622.051 616.352 1981.76
288500 743.345 622.197 614.149 1979.69
288750 744.282 623.926 615.41 1983.62
289000 746.517 626.142 614.927 1987.59
289250 745.369 626.313 615.855 1987.54
289500 746.091 626.562 617.256 1989.91
289750 746.941 627.394 619.64 1993.98
290000 747.791 627.536 620.686 1996.01
290250 747.467 629.111 623.115 1999.69
290500 747.967 628.153 624.698 2000.82
290750 746.777 628.679 625.67 2001.13
291000 750.151 627.71 626.553 2004.41
291250 749.337 629.076 626.761 2005.17
291500 749.914 629.054 627.479 2006.45
291750 750.29 629.03 628.093 2007.41
292000 748.706 628.754 626.73 2004.19
292250 747.089 627.617 626.955 2001.66
292500 747.998 629.528 628.379 2005.9
292750 746.703 628.395 628.004 2003.1
293000 745.806 629.31 631.024 2006.14
293250 745.81 631.102 631.646 2008.56
293500 746.638 630.088 632.195 2008.92
293750 746.072 629.07 632.738 2007.88
294000 746.84 629.585 634.276 2010.7
294250 745.487 632.819 635.236 2013.54
294500 746.669 634.599 637.614 2018.88
294750 747.284 636.213 638.076 2021.57
295000 748.688 635.556 638.283 2022.53
295250 750.626 636.624 639.872 2027.12
295500 752.264 636.823 641.231 2030.32
295750 751.848 637.681 641.617 2031.15
296000 753.096 640.282 643.692 2037.07
296250 757.134 641.181 643.744 2042.06
296500 759.754 642.64 644.022 2046.42
296750 760.104 643.903 644.403 2048.41
297000 763.859 645.377 643.378 2052.61
297250 764.607 645.333 645.334 2055.27
297500 762.121 645.679 644.431 2052.23
297750 762.184 646.158 643.249 2051.59
298000 764.366 646.857 644.107 2055.33
298250 765.874 647.443 643.308 2056.63
298500 765.243 648.431 645.368 2059.04
298750 765.614 649.358 647.046 2062.02
299000 764.754 649.38 647.807 2061.94
299250 765.71 650.442 648.999 2065.15
299500 765.402 650.522 647.751 2063.68
299750 766.238 649.899 649.906 2066.04
300000 768.008 648.536 648.872 2065.42
300250 768.397 649.26 649.804 2067.46
300500 766.37 649.035 650.978 2066.38
300750 767.274 650.154 650.477 2067.9
301000 765.372 649.337 651.474 2066.18
301250 767.166 649.328 652.252 2068.75
301500 767.621 649.723 652.586 2069.93
301750 767.809 651.539 652.218 2071.57
302000 767.978 650.838 650.99 2069.8
302250 767.828 653.208 652.769 2073.8
302500 769.43 653.159 651.705 2074.29
302750 769.273 655.141 653.018 2077.43
303000 769.232 655.112 655.691 2080.03
303250 769.006 655.78 657.529 2082.32
303500 769.729 657.682 658.499 2085.91
303750 771.461 659.752 659.575 2090.79
304000 769.522 660.506 660.648 2090.68
304250 773.236 661.694 658.551 2093.48
304500 772.898 661.167 660.646 2094.71
304750 774.139 664.187 662.356 2100.68
305000 774.79 664.206 662.897 2101.89
305250 777.058 665.327 663.645 2106.03
305500 778.583 665.807 663.652 2108.04
305750 778.952 665.137 664.336 2108.42
306000 779.248 664.703 666.613 2110.57
306250 780.395 665.026 667.907 2113.33
306500 781.216 664.804 667.241 2113.26
306750 781.713 664.617 668.265 2114.59
307000 783.686 665.573 669.412 2118.67
307250 783.467 666.195 670.023 2119.68
307500 784.228 668.857 670.398 2123.48
307750 783.316 671.395 670.781 2125.49
308000 783.726 673.302 670.578 2127.61
308250 783.171 672.546 671.231 2126.95
308500 785.026 674.848 670.788 2130.66
308750 785.392 675.847 673.448 2134.69
309000 786.919 675.905 677.38 2140.2
309250 786.727 676.866 678.891 2142.49
309500 786.01 678.553 679.593 2144.16
309750 786.954 679.579 679.984 2146.52
310000 785.915 680.006 678.811 2144.73
310250 786.478 680.962 677.724 2145.16
310500 786.722 680.887 680.786 2148.39
310750 784.368 683.674 679.794 2147.84
311000 787.118 682.322 680.822 2150.26
311250 788.531 683.44 682.039 2154.01
311500 789.56 683.683 681.383 2154.63
311750 789.048 683.962 684.646 2157.66
312000 790.786 686.278 683.902 2160.97
312250 792.507 689.333 685.417 2167.26
312500 791.209 691.222 684.597 2167.03
312750 791.458 691.233 683.931 2166.62
313000 791.359 691.437 683.12 2165.92
313250 793.43 690.972 682.693 2167.1
313500 796.025 692.54 684.138 2172.7
313750 798.308 691.099 684.512 2173.92
314000 799.008 693.159 684.822 2176.99
314250 798.879 692.557 685.734 2177.17
314500 798.362 693.951 685.816 2178.13
314750 799.259 695.744 689.246 2184.25
315000 800.899 694.736 687.984 2183.62
315250 802.216 692.703 689.367 2184.29
315500 804.078 691.782 689.134 2184.99
315750 802.665 693.841 689.642 2186.15
316000 800.294 695.639 690.698 2186.63
316250 800.459 696.383 691.736 2188.58
316500 801.717 694.584 695.377 2191.68
316750 801.738 696.859 694.656 2193.25
317000 802.631 696.757 696.1 2195.49
317250 801.732 695.711 693.702 2191.15
317500 800.449 694.965 694.969 2190.38
317750 800.863 698.18 694.613 2193.66
318000 800.924 698.507 696.314 2195.75
318250 802.081 696.418 697.223 2195.72
318500 805.174 695.824 699.498 2200.5
318750 804.56 696.372 702.492 2203.42
319000 805.149 698.781 702.288 2206.22
319250 802.21 698.974 703.17 2204.35
319500 803.658 698.41 703.809 2205.88
319750 806.659 696.045 702.841 2205.54
320000 807.202 696.01 705.796 2209.01
320250 806.516 695.371 706.907 2208.79
320500 807.097 695.264 708.443 2210.8
320750 806.091 694.572 709.706 2210.37
321000 806.962 693.738 711.521 2212.22
321250 807.529 695.179 710.094 2212.8
321500 807.303 696.305 711.011 2214.62
321750 810.6 695.887 709.641 2216.13
322000 811.484 696.858 709.134 2217.48
322250 813.886 697.256 710.595 2221.74
322500 813.415 699.86 712.602 2225.88
322750 815.416 698.705 713.989 2228.11
323000 815.175 700.069 715.035 2230.28
323250 816.038 700.333 713.928 2230.3
323500 816.321 700.664 713.691 2230.68
323750 816.001 700.925 712.253 2229.18
324000 816.183 702.939 711.379 2230.5
324250 816.999 704.494 712.249 2233.74
324500 818.978 704.133 712.653 2235.76
324750 819.412 703.649 714.737 2237.8
325000 818.612 704.214 713.012 2235.84
325250 818.525 704.885 713.702 2237.11
325500 819.426 706.218 714.448 2240.09
325750 819.235 706.79 715.377 2241.4
326000 817.231 706.175 715.176 2238.58
326250 817.283 706.692 716.571 2240.55
326500 818.648 708.802 716.387 2243.84
326750 819.694 709.949 716.634 2246.28
327000 818.023 711.021 717.139 2246.18
327250 817.783 711.591 715.887 2245.26
327500 818.7 711.516 715.559 2245.78
327750 817.202 711.896 716.064 2245.16
328000 815.397 714.496 716.466 2246.36
328250 815.796 715.1 717.708 2248.6
328500 817.768 715.417 717.678 2250.86
328750 820.175 716.344 717.206 2253.72
329000 821.669 715.192 717.498 2254.36
329250 822.844 713.737 715.843 2252.42
329500 823.048 715.793 718.762 2257.6
329750 823.936 717.298 718.779 2260.01
330000 824.742 718.192 718.917 2261.85
330250 825.067 716.3 719.234 2260.6
330500 824.892 715.93 719.004 2259.83
330750 824.891 714.314 720.383 2259.59
331000 826.41 714.912 719.414 2260.74
331250 826.938 714.659 721.388 2262.98
331500 828.355 716.383 724.731 2269.47
331750 829.289 716.64 729.999 2275.93
332000 828.403 715.11 728.276 2271.79
332250 829.704 717.193 728.339 2275.24
332500 830.07 716.677 729.8 2276.55
332750 831.696 714.826 729.783 2276.3
333000 832.425 714.685 729.743 2276.85
333250 832.92 716.104 730.229 2279.25
333500 833.78 718.002 733.372 2285.15
333750 833.537 717.035 734.152 2284.72
334000 834.554 717.288 734.108 2285.95
334250 835.312 718.195 733.413 2286.92
334500 836.658 717.648 733.589 2287.9
334750 837.792 717.915 731.802 2287.51
335000 837.554 718.383 730.879 2286.82
335250 838.416 718.469 730.086 2286.97
335500 841.156 719.425 730.729 2291.31
335750 839.774 720.912 732.369 2293.06
336000 840.644 722.823 734.449 2297.92
336250 841.821 726.198 732.291 2300.31
336500 842.541 729.172 732.031 2303.74
336750 841.905 729.103 733.937 2304.94
337000 840.529 729.41 734.012 2303.95
337250 841.149 729.404 735.741 2306.3
337500 840.836 728.841 735.201 2304.88
337750 841.375 729.431 734.965 2305.77
338000 842.159 730.625 739.138 2311.92
338250 844.488 732.714 740.165 2317.37
338500 841.774 732.937 740.144 2314.86
338750 841.913 734.407 740.072 2316.39
339000 841.352 733.924 742.407 2317.68
339250 842.943 734.964 744.113 2322.02
339500 843.76 735.765 745.297 2324.82
339750 845.828 736.181 746.76 2328.77
340000 845.29 736.706 746.722 2328.72
340250 846.028 735.542 748.844 2330.41
340500 845.617 736.233 749.563 2331.41
340750 847.079 737.44 751.644 2336.16
341000 846.379 736.583 752.102 2335.06
341250 846.862 736.192 753.396 2336.45
341500 846.473 736.869 751.993 2335.33
341750 848.174 738.868 751.556 2338.6
342000 848.429 739.829 751.67 2339.93
342250 848.997 739.919 753.006 2341.92
342500 852.467 740.953 751.825 2345.25
342750 855.089 741.087 754.431 2350.61
343000 858.645 740.689 754.834 2354.17
343250 858.057 742.38 755.843 2356.28
343500 858.489 742.302 756.784 2357.57
343750 857.124 744.59 755.164 2356.88
344000 857.896 745.691 756.968 2360.55
344250 856.66 745.557 758.29 2360.51
344500 856.279 745.964 759.166 2361.41
344750 854.41 745.529 759.137 2359.08
345000 852.741 746.178 762.845 2361.76
345250 850.86 746.754 764.017 2361.63
345500 850.427 744.897 765.156 2360.48
345750 847.406 745.413 765.608 2358.43
346000 845.769 744.608 766.802 2357.18
346250 846.328 746.112 766.751 2359.19
346500 846.241 745.83 765.1 2357.17
346750 847.942 748.937 765.342 2362.22
347000 847.866 747.235 767.977 2363.08
347250 845.83 748.148 768.468 2362.45
347500 845.366 747.428 770.072 2362.87
347750 846.09 748.416 769.746 2364.25
348000 847.145 747.539 769.64 2364.32
348250 847.776 748.651 768.761 2365.19
348500 849.983 749.703 769.242 2368.93
348750 849.702 750.925 769.382 2370.01
349000 853.241 751.499 769.634 2374.37
349250 850.593 751.947 769.564 2372.11
349500 849.777 752.976 772.357 2375.11
349750 851.726 753.939 773.01 2378.68
350000 854.147 753.814 772.07 2380.03
350250 852.86 752.169 771.128 2376.16
350500 850.676 752.86 775.334 2378.87
350750 852.731 754.541 775.251 2382.52
351000 851.107 754.472 776.896 2382.48
351250 851.903 754.73 777.173 2383.81
351500 852.754 755.494 777.336 2385.58
351750 850.326 756.426 778.488 2385.24
352000 851.245 755.75 776.185 2383.18
352250 851.28 757.769 779.996 2389.05
352500 851.982 758.788 779.664 2390.43
352750 849.146 759.9 778.261 2387.31
353000 847.764 760.051 778.373 2386.19
353250 848.351 759.417 777.751 2385.52
353500 848.744 759.846 778.096 2386.69
353750 851.324 758.481 777.093 2386.9
354000 849.164 759.711 776.471 2385.35
354250 849.619 761.166 774.707 2385.49
354500 852.071 762.128 775.284 2389.48
354750 851.952 760.595 775.342 2387.89
355000 850.564 761.114 773.723 2385.4
355250 850.898 760.81 773.306 2385.01
355500 848.677 761.818 773.911 2384.41
355750 849.384 760.898 775.387 2385.67
356000 848.682 759.273 778.929 2386.88
356250 847.539 758.948 779.391 2385.88
356500 849.88 757.317 778.928 2386.12
356750 850.413 759.548 778.491 2388.45
357000 851.439 761.965 780.358 2393.76
357250 851.487 763.969 782.346 2397.8
357500 852.103 764.001 781.644 2397.75
357750 854.198 765.865 783.253 2403.32
358000 853.45 766.547 781.024 2401.02
358250 852.811 766.838 779.174 2398.82
358500 855.507 764.893 777.421 2397.82
358750 855.576 764.898 779.189 2399.66
359000 856.739 765.277 780.685 2402.7
359250 859.705 766.873 779.088 2405.67
359500 860.613 767.682 777.53 2405.83
359750 859.665 767.773 778.56 2406
360000 861.556 768.033 776.742 2406.33
360250 860.744 768.645 777.383 2406.77
360500 861.665 768.2 780.036 2409.9
360750 861.429 769.896 780.051 2411.38
361000 861.486 772.971 780.723 2415.18
361250 862.424 771.477 781.238 2415.14
361500 863.61 771.425 781.509 2416.54
361750 863.853 775.208 782.038 2421.1
362000 863.157 774.601 781.653 2419.41
362250 862.724 775.068 779.591 2417.38
362500 862.434 775.742 780.475 2418.65
362750 864.235 775.937 783.084 2423.26
363000 862.301 777.291 785.556 2425.15
363250 861.323 777.253 785.671 2424.25
363500 860.405 779.2 785.491 2425.1
363750 858.743 779.393 785.871 2424.01
364000 858.739 780.288 785.842 2424.87
364250 857.497 779.385 786.754 2423.64
364500 858.028 780.203 789.673 2427.9
364750 860.641 779.294 790.122 2430.06
365000 861.897 777.395 789.095 2428.39
365250 863.806 777.603 791.744 2433.15
365500 864.358 778.124 794.165 2436.65
365750 864.282 779.395 796.389 2440.07
366000 864.863 780.744 797.091 2442.7
366250 865.848 781.617 797.426 2444.89
366500 866.445 780.756 797.461 2444.66
366750 867.784 783.691 798.536 2450.01
367000 865.201 782.98 799.185 2447.37
367250 863.961 783.759 800.814 2448.53
367500 864.95 782.414 803.306 2450.67
367750 865.551 783.242 805.303 2454.1
368000 867.438 784.318 804.661 2456.42
368250 866.128 786.408 805.704 2458.24
368500 865.956 789.144 806.382 2461.48
368750 867.089 788.979 807.722 2463.79
369000 868.821 789.026 807.142 2464.99
369250 872.818 792.189 808.78 2473.79
369500 873.183 794.944 811.022 2479.15
369750 872.148 797.172 809.779 2479.1
370000 871.99 800.905 808.885 2481.78
370250 874.207 799.583 810.046 2483.84
370500 876.313 799.898 807.943 2484.15
370750 877.222 801.83 809.723 2488.77
371000 879.8 802.985 810.103 2492.89
371250 879.203 805.936 809.58 2494.72
371500 881.727 808.707 812.504 2502.94
371750 884.231 808.8 813.983 2507.01
372000 883.832 808.549 815.361 2507.74
372250 885.596 809.233 815.039 2509.87
372500 886.859 807.868 816.057 2510.78
372750 888.398 808.188 815.649 2512.24
373000 888.239 809.69 815.995 2513.92
373250 889.347 812.035 816.359 2517.74
373500 888.486 810.601 815.209 2514.3
373750 888.807 809.948 816.527 2515.28
374000 890.188 810.123 818.737 2519.05
374250 890.22 811.209 818.697 2520.13
374500 887.787 814.749 819.081 2521.62
374750 888.549 816.657 820.558 2525.76
375000 890.52 817.404 817.899 2525.82
375250 891.658 817.093 817.71 2526.46
375500 891.849 819.753 818.442 2530.05
375750 890.597 818.672 819.94 2529.21
376000 892.089 819.885 820.513 2532.49
376250 892.513 818.775 821.287 2532.58
376500 893.579 820.924 821.091 2535.59
376750 892.783 822.895 821.851 2537.53
377000 893.426 822.453 822.607 2538.49
377250 894.9 822.407 822.21 2539.52
377500 895.109 824.898 822.596 2542.6
377750 895.14 824.019 824.757 2543.92
378000 894.731 823.462 822.078 2540.27
378250 897.146 821.064 822.769 2540.98
378500 895.36 821.436 822.244 2539.04
378750 897.159 824.089 822.733 2543.98
379000 900.149 824.484 823.759 2548.39
379250 904.026 825.581 823.519 2553.13
379500 904.949 825.533 823.869 2554.35
379750 907.138 826.268 825.127 2558.53
380000 902.753 825.286 826.02 2554.06
380250 903.249 826.016 827.434 2556.7
380500 902.579 830.319 828.366 2561.26
380750 900.397 831.826 829.57 2561.79
381000 902.963 834.451 831.161 2568.57
381250 904.861 834.491 829.957 2569.31
381500 904.414 833.873 830.471 2568.76
381750 906.546 836.897 832.436 2575.88
382000 907.576 839.31 833.759 2580.64
382250 907.359 840.188 833.87 2581.42
382500 906.695 842.17 835.084 2583.95
382750 908.525 841.764 835.084 2585.37
383000 907.704 842.278 835.565 2585.55
383250 908.723 841.427 836.01 2586.16
383500 908.272 841.202 838.632 2588.11
383750 911.055 844.384 841.269 2596.71
384000 911.341 846.388 843.331 2601.06
384250 913.945 848.605 843.704 2606.25
384500 915.699 847.791 844.132 2607.62
384750 917.046 848.656 844.775 2610.48
385000 915.659 850.121 845.5 2611.28
385250 915.379 850.235 851.105 2616.72
385500 916.874 853.068 850.067 2620.01
385750 915.78 854.289 849.888 2619.96
386000 917.888 853.849 849.217 2620.95
386250 917.594 855.145 852.807 2625.55
386500 917.572 853.868 853.841 2625.28
386750 919.392 855.023 853.427 2627.84
387000 919.638 855.813 855.31 2630.76
387250 921.783 856.401 857.793 2635.98
387500 924.004 856.306 854.935 2635.25
387750 923.951 855.442 856.686 2636.08
388000 920.698 857.887 858.448 2637.03
388250 918.292 859.515 860.583 2638.39
388500 918.389 859.286 861.015 2638.69
388750 917.379 859.961 864.078 2641.42
389000 922.352 862.703 863.7 2648.75
389250 924.484 861.147 861.87 2647.5
389500 923.546 861.552 860.566 2645.66
389750 926.266 862.678 862.275 2651.22
390000 925.874 865.365 862.815 2654.05
390250 927.117 865.564 862.482 2655.16
390500 927.964 867.805 861.514 2657.28
390750 925.965 867.748 861.803 2655.52
391000 926.762 868.921 863.026 2658.71
391250 928.354 869.359 864.698 2662.41
391500 927.885 871.04 863.023 2661.95
391750 927.107 871.319 862.151 2660.58
392000 927.623 871.799 864.004 2663.43
392250 926.558 872.743 868.498 2667.8
392500 925.32 872.594 869.681 2667.59
392750 927.078 872.159 871.265 2670.5
393000 929.767 872.982 871.15 2673.9
393250 931.125 872.838 870.799 2674.76
393500 930.055 872.243 871.66 2673.96
393750 931.86 873.925 873.963 2679.75
394000 935.664 875.521 873.377 2684.56
394250 938.577 874.688 872.527 2685.79
394500 940.438 872.956 873.349 2686.74
394750 943.006 873.161 872.379 2688.55
395000 943.205 871.721 874.728 2689.65
395250 944.155 871.124 875.387 2690.67
395500 945.846 872.096 874.698 2692.64
395750 945.289 873.429 874.502 2693.22
396000 949.706 873.246 875.325 2698.28
396250 947.406 874.135 875.095 2696.64
396500 948.529 872.933 874.075 2695.54
396750 951.429 873.881 873.848 2699.16
397000 951.269 876.367 874.978 2702.61
397250 950.606 875.792 875.392 2701.79
397500 951.868 875.716 876.276 2703.86
397750 952.021 877.466 878.375 2707.86
398000 953.139 875.575 878.287 2707
398250 952.721 873.674 879.4 2705.8
398500 953.74 875.858 878.698 2708.3
398750 952.736 878.044 875.376 2706.16
399000 953.611 880.945 876.827 2711.38
399250 953.829 880.821 874.707 2709.36
399500 954.536 879.926 874.712 2709.17
399750 954.581 881.421 873.304 2709.31
400000 955.546 881.98 873.102 2710.63
400250 955.389 881.769 874.469 2711.63
400500 955.536 883.029 874.46 2713.02
400750 954.803 883.441 872.561 2710.8
401000 954.34 883.88 871.225 2709.45
401250 952.899 884.413 872.27 2709.58
401500 951.956 883.922 875.227 2711.11
401750 953.757 886.146 878.32 2718.22
402000 955.753 885.989 880.446 2722.19
402250 958.201 886.517 877.655 2722.37
402500 959.599 885.417 881.064 2726.08
402750 964.15 882.871 881.821 2728.84
403000 964.108 882.003 881.951 2728.06
403250 965.897 881.565 880.67 2728.13
403500 968.53 882.106 880.727 2731.36
403750 967.544 881.785 879.53 2728.86
404000 967.613 882.52 879.004 2729.14
404250 968.95 881.9 879.798 2730.65
404500 972.756 880.084 879.076 2731.92
404750 974.201 881.842 880.477 2736.52
405000 974.85 885.477 881.042 2741.37
405250 976.089 884.032 880.432 2740.55
405500 975.911 887.065 879.906 2742.88
405750 977.256 888.326 878.959 2744.54
406000 976.817 887.581 878.657 2743.06
406250 978.371 886.016 877.198 2741.58
406500 978.043 884.123 879.053 2741.22
406750 974.789 883.131 879.662 2737.58
407000 974.58 881.088 880.665 2736.33
407250 973.815 883.451 882.708 2739.97
407500 975.331 883.393 883.535 2742.26
407750 974.714 885.001 885.98 2745.7
408000 975.137 881.939 886.555 2743.63
408250 976.58 880.96 886.398 2743.94
408500 974.778 881.737 887.146 2743.66
408750 975.824 882.183 884.487 2742.49
409000 976.295 881.607 887.009 2744.91
409250 977.495 883.706 884.619 2745.82
409500 979.235 883.555 886.13 2748.92
409750 980.358 884.547 886.267 2751.17
410000 980.459 887.74 888.547 2756.75
410250 981.631 889.723 889.071 2760.43
410500 980.436 888.373 890.479 2759.29
410750 981.486 888.959 890.567 2761.01
411000 982.39 891.528 891.968 2765.89
411250 982.669 893.249 892.752 2768.67
411500 983.256 891.296 898.319 2772.87
411750 983.666 891.712 896.654 2772.03
412000 985.865 891.279 895.19 2772.33
412250 984.638 892.869 894.64 2772.15
412500 984.028 895.864 895.767 2775.66
412750 981.445 896.915 897.193 2775.55
413000 982.175 895.518 896.865 2774.56
413250 985.104 896.162 895.779 2777.04
413500 985.018 898.208 895.41 2778.64
413750 985.881 895.888 896.423 2778.19
414000 985.785 895.989 899.076 2780.85
414250 983.854 899.445 901.464 2784.76
414500 988.3 900.552 902.564 2791.42
414750 990.968 903.206 902.062 2796.24
415000 988.977 904.945 901.99 2795.91
415250 991.301 906.087 901.737 2799.12
415500 994.094 908.737 904.422 2807.25
415750 997.043 911.795 907.316 2816.15
416000 994.636 910.797 909.117 2814.55
416250 996.845 910.93 912.942 2820.72
416500 995.977 910.534 914.725 2821.24
416750 997.336 911.312 914.736 2823.38
417000 1000.15 910.157 915.96 2826.26
417250 1001.27 912.288 916.79 2830.35
417500 1001.47 914.55 918.539 2834.56
417750 1005.55 915.262 917.971 2838.79
418000 1007.5 912.738 918.374 2838.62
418250 1007.16 914.081 918.533 2839.78
418500 1004.75 914.673 916.956 2836.38
418750 1006.34 913.06 916.557 2835.96
419000 1009.56 913.305 913.162 2836.02
419250 1010.46 911.906 914.461 2836.83
419500 1011.77 912.807 915.156 2839.74
419750 1014.17 912.844 914.709 2841.73
420000 1014.45 916.337 912.029 2842.82
420250 1015.55 917.591 912.996 2846.13
420500 1014.26 918.38 914.371 2847.01
420750 1014.98 915.675 914.617 2845.27
421000 1017.66 915.108 915.362 2848.13
421250 1018.32 915.452 917.16 2850.93
421500 1018.52 916.908 917.771 2853.2
421750 1018.5 917.205 915.774 2851.48
422000 1020.19 915.9 916.435 2852.53
422250 1019.91 915.895 916.08 2851.89
422500 1020.63 913.151 914.904 2848.68
422750 1020.23 912.531 915.911 2848.67
423000 1023.85 912.646 917.492 2853.99
423250 1021.53 910.505 916.723 2848.75
423500 1019.64 911.889 918.603 2850.13
423750 1019.14 912.304 915.217 2846.66
424000 1018.27 912.752 917.171 2848.19
424250 1018.76 914.421 916.054 2849.23
424500 1020.45 916.53 915.44 2852.42
424750 1025.01 917.541 917.224 2859.78
425000 1024.57 918.209 918.078 2860.86
425250 1024.61 919.235 918.995 2862.84
425500 1027.38 918.195 920.727 2866.3
425750 1027.52 917.809 923.414 2868.74
426000 1030.64 921.048 926.095 2877.78
426250 1032.68 920.94 923.946 2877.56
426500 1031.94 919.866 923.539 2875.35
426750 1034.1 920.781 923.176 2878.06
427000 1034.16 920.313 922.844 2877.32
427250 1032.83 920.852 926.153 2879.83
427500 1032.44 923.664 927.111 2883.21
427750 1036.31 925.104 927.661 2889.08
428000 1037.72 927.676 928.207 2893.61
428250 1038.18 927.637 925.984 2891.8
428500 1040.61 927.017 923.908 2891.54
428750 1042.09 927.687 925.89 2895.67
429000 1043.03 929.993 926.176 2899.2
429250 1042.1 930.898 924.009 2897
429500 1043.68 929.198 924.281 2897.16
429750 1041.45 928.669 927.028 2897.15
430000 1043.95 927.571 928.969 2900.49
430250 1044.29 930.049 926.485 2900.83
430500 1043.27 931.057 927.787 2902.12
430750 1044.95 931.963 927.99 2904.9
431000 1045.34 933.24 926.468 2905.05
431250 1044.86 934.692 926.83 2906.38
431500 1043.56 931.321 928.558 2903.44
431750 1044.76 932.999 928.226 2905.98
432000 1045.9 933.423 931.382 2910.71
432250 1046.41 934.266 931.593 2912.27
432500 1045.3 935.015 929.683 2910
432750 1045.7 937.907 930.801 2914.41
433000 1046.05 937.816 932.264 2916.13
433250 1048.98 939.432 933.162 2921.58
433500 1049.99 938.759 930.928 2919.68
433750 1053.08 936.173 931.327 2920.58
434000 1052.31 935.217 932.996 2920.52
434250 1051.99 937.108 931.095 2920.19
434500 1055.09 937.893 930.7 2923.68
434750 1055.32 942.109 933.357 2930.79
435000 1056.31 942.61 933.892 2932.81
435250 1057.32 942.673 934.765 2934.76
435500 1056.25 941.555 936.277 2934.08
435750 1057.81 942.042 936.525 2936.38
436000 1058.78 941.839 936.957 2937.58
436250 1058.57 939.846 938.338 2936.76
436500 1058.75 940.926 938.413 2938.09
436750 1060.78 940.283 941.002 2942.07
437000 1061.6 939.835 942.733 2944.16
437250 1059.12 939.956 940.308 2939.38
437500 1060.79 937.94 939.339 2938.07
437750 1060.27 939.672 940.319 2940.26
438000 1061.55 940.029 939.902 2941.48
438250 1063.63 938.087 942.691 2944.4
438500 1062.95 940.34 943.526 2946.82
438750 1062.36 939.637 945.356 2947.36
439000 1064.45 940.817 945.401 2950.67
439250 1065.71 940.208 945.518 2951.44
439500 1068.01 938.969 945.416 2952.4
439750 1067.22 937.442 945.591 2950.25
440000 1069.14 937.583 942.361 2949.08
440250 1065.88 940.023 942.594 2948.5
440500 1067.04 940.13 941.111 2948.28
440750 1065.44 940.266 942.898 2948.6
441000 1065.32 939.174 944.247 2948.75
441250 1065.82 937.881 944.684 2948.39
441500 1065.15 936.321 948.991 2950.46
441750 1065.24 936.578 949.166 2950.99
442000 1063.9 937.317 950.144 2951.37
442250 1064.89 937.621 947.778 2950.29
442500 1067.68 940.534 947.772 2955.99
442750 1068.12 940.141 948.762 2957.02
443000 1069.28 941.063 950.75 2961.09
443250 1067.69 940.396 950.341 2958.42
443500 1068.61 939.546 949.324 2957.48
443750 1068.07 939.36 950.217 2957.65
444000 1069.59 941.975 951.881 2963.45
444250 1071.9 942.742 952.833 2967.47
444500 1070.56 943.085 951.771 2965.42
444750 1070.71 945.288 954.087 2970.08
445000 1071 945.833 955.668 2972.5
445250 1073.51 945.232 954.539 2973.28
445500 1075.59 944.658 954.571 2974.82
445750 1078.48 948.284 953.862 2980.62
446000 1081.09 949.176 950.772 2981.04
446250 1082.41 950.178 949.626 2982.21
446500 1081.87 951.306 951.137 2984.31
446750 1084.98 953.572 952.007 2990.56
447000 1083.3 953.162 952.187 2988.65
447250 1085.06 954.234 952.563 2991.86
447500 1086.86 957.781 951.399 2996.04
447750 1087.42 959.162 952.452 2999.04
448000 1085.93 959.406 953.799 2999.14
448250 1085.9 960.974 955.679 3002.55
448500 1088.89 960.646 953.695 3003.23
448750 1089.78 960.848 954.712 3005.34
449000 1089.08 959.782 954.7 3003.57
449250 1090.16 963.125 952.764 3006.05
449500 1091.76 963.399 954.892 3010.05
449750 1093.12 963.882 954.96 3011.97
450000 1095.44 962.758 955.644 3013.84
450250 1096.49 964.903 957.134 3018.53
450500 1099.11 966.907 956.165 3022.18
450750 1101.36 968.193 955.563 3025.12
451000 1101.7 966.945 954.764 3023.41
451250 1100.93 964.651 953.589 3019.17
451500 1104 967.268 954.724 3025.99
451750 1101.18 969.426 954.761 3025.37
452000 1103.57 969.299 955.797 3028.66
452250 1105.3 971.08 955.605 3031.98
452500 1105.35 972.305 957.159 3034.82
452750 1105.08 972.277 958.114 3035.47
453000 1104.74 970.882 958.815 3034.44
453250 1106.55 970.554 960.454 3037.56
453500 1106.35 971.304 960.606 3038.26
453750 1109.39 970.928 961.143 3041.46
454000 1111.69 968.55 962.609 3042.85
454250 1113.94 971.934 965.842 3051.71
454500 1115.22 972.717 968.798 3056.74
454750 1114.11 974.049 968.583 3056.74
455000 1116.32 973.161 967.02 3056.5
455250 1116.39 971.78 969.334 3057.5
455500 1116.62 972.72 971.562 3060.9
455750 1116.82 973.824 973.424 3064.07
456000 1113.58 972.78 974.524 3060.88
456250 1113.03 973.883 975.844 3062.76
456500 1108.94 973.114 979.138 3061.19
456750 1108.18 974.468 980.204 3062.85
457000 1111.09 973.041 978.94 3063.07
457250 1108.23 972.657 978.129 3059.02
457500 1111.49 970.245 978.877 3060.61
457750 1112.89 971.144 981.015 3065.05
458000 1116.38 970.461 981.618 3068.46
458250 1118.96 969.865 983.363 3072.18
458500 1117.05 967.214 982.203 3066.47
458750 1119.12 969.713 984.601 3073.43
459000 1116.78 967.63 982.646 3067.06
459250 1118.91 968.869 982.956 3070.74
459500 1123.24 972.173 985.385 3080.8
459750 1124.55 972.948 984.238 3081.74
460000 1123.22 970.318 982.756 3076.29
460250 1122.17 971.606 983.27 3077.05
460500 1121.67 976.121 985.646 3083.44
460750 1119.98 977.712 987.226 3084.92
461000 1120.22 977.842 983.657 3081.72
461250 1122.17 979.811 983.874 3085.85
461500 1120.62 980.865 983.37 3084.85
461750 1121.55 980.425 982.266 3084.24
462000 1123.67 981.688 983.604 3088.97
462250 1124.22 984.695 985.048 3093.96
462500 1126.39 983.749 987.988 3098.13
462750 1127.85 983.331 991.005 3102.18
463000 1130.68 984.835 992.04 3107.55
463250 1132.34 983.822 992.612 3108.78
463500 1131.58 982.878 990.854 3105.31
463750 1136.14 982.128 989.235 3107.5
464000 1135.92 985.419 991.792 3113.14
464250 1134.26 984.875 993.201 3112.34
464500 1134.89 983.985 994.319 3113.19
464750 1133.77 984.703 997.592 3116.06
465000 1136.05 984.711 995.804 3116.57
465250 1134.79 985.075 995.446 3115.31
465500 1139.65 985.116 994.274 3119.04
465750 1139.26 986.346 995.495 3121.1
466000 1139.32 988.597 996.811 3124.73
466250 1141.59 986.548 996.983 3125.12
466500 1142.93 989.462 997.209 3129.6
466750 1141.88 987.933 998.449 3128.27
467000 1145.38 987.767 999.288 3132.44
467250 1143.25 991.267 1002.25 3136.76
467500 1142.84 991.797 1001.66 3136.3
467750 1145.68 993.763 1000.74 3140.18
468000 1150.12 994.196 1000.88 3145.19
468250 1151.1 994.745 1002.69 3148.54
468500 1152.22 995.006 1004.37 3151.6
468750 1151.5 995.251 1007.18 3153.93
469000 1152.29 994.56 1006.89 3153.74
469250 1150.63 995.11 1007.05 3152.8
469500 1148.69 995.509 1008.74 3152.94
469750 1147.9 996.424 1006.78 3151.1
470000 1150.4 998.641 1008.4 3157.44
470250 1151.01 1000.12 1009.72 3160.86
470500 1152.14 1001.95 1010.01 3164.09
470750 1154.96 1005.33 1009.06 3169.34
471000 1153.31 1006.53 1009.36 3169.2
471250 1150.53 1006.04 1010.18 3166.76
471500 1150.18 1004.17 1008.79 3163.13
471750 1151.08 1004.22 1011.01 3166.31
472000 1149.65 1005.75 1011.89 3167.3
472250 1149.3 1005.21 1011.8 3166.31
472500 1150.96 1005.26 1013.16 3169.37
472750 1152.87 1004.27 1014.77 3171.91
473000 1156.5 1002.45 1016.16 3175.11
473250 1157.41 1003.7 1017.64 3178.75
473500 1157.06 1002.94 1018.1 3178.1
473750 1159.46 1003.17 1019.94 3182.57
474000 1159.49 1002.95 1020.3 3182.74
474250 1161.51 1004.29 1020.79 3186.59
474500 1162.62 1004.33 1023.02 3189.98
474750 1162.17 1004.84 1023.54 3190.55
475000 1163.49 1005.7 1021.79 3190.99
475250 1164.67 1007.92 1023.97 3196.56
475500 1164.19 1007.65 1025.85 3197.68
475750 1164.45 1008.22 1024.74 3197.41
476000 1166.81 1009.18 1024.38 3200.37
476250 1168.92 1009.32 1024.52 3202.77
476500 1170.51 1006.74 1028.91 3206.17
476750 1170.1 1006.16 1029.67 3205.93
477000 1167.47 1004.9 1028.08 3200.46
477250 1166.36 1006.07 1028.88 3201.32
477500 1165.56 1006.64 1026.66 3198.86
477750 1164.7 1005.92 1026.87 3197.5
478000 1164.61 1004.63 1028.31 3197.55
478250 1165.59 1005.92 1030.38 3201.9
478500 1167.25 1005.44 1029.71 3202.41
478750 1167.22 1006.36 1029.72 3203.29
479000 1167.68 1008.84 1030.31 3206.83
479250 1171.7 1009.84 1029.1 3210.64
479500 1173.37 1008.78 1030.59 3212.75
479750 1172.52 1008.04 1033.31 3213.87
480000 1173.3 1008.87 1034.65 3216.81
480250 1177.39 1009.64 1035.54 3222.57
480500 1176.86 1010.04 1033.52 3220.42
480750 1179.84 1010.46 1036.28 3226.57
481000 1179.95 1012.38 1038 3230.33
481250 1181.48 1015.47 1037.03 3233.98
481500 1180.76 1017.27 1036.12 3234.14
481750 1180.4 1018.33 1034.32 3233.06
482000 1182.44 1018.93 1031.69 3233.06
482250 1185.12 1022.85 1029.55 3237.52
482500 1184.98 1025.84 1031.41 3242.23
482750 1184.73 1026.67 1033.66 3245.06
483000 1185.17 1027.43 1038.32 3250.92
483250 1187.38 1029.94 1037.67 3255
483500 1187.66 1030.31 1038.8 3256.76
483750 1187.04 1031.86 1037.33 3256.23
484000 1189.45 1034.07 1036.81 3260.33
484250 1190.42 1033.86 1036.74 3261.02
484500 1190.14 1034.96 1036.03 3261.12
484750 1195.05 1034.38 1037.02 3266.44
485000 1193.99 1036.19 1038.05 3268.23
485250 1194.04 1036.42 1036.45 3266.91
485500 1196.22 1036.15 1037.24 3269.61
485750 1197.03 1034.92 1037.75 3269.71
486000 1194.85 1036.43 1039.08 3270.36
486250 1194.14 1037.9 1038.7 3270.74
486500 1198.67 1038.26 1038.01 3274.94
486750 1197.8 1040.35 1038.77 3276.92
487000 1197.94 1040.53 1037.68 3276.15
487250 1198.79 1041.2 1041.27 3281.27
487500 1195.99 1042.44 1042.46 3280.89
487750 1198.36 1041.79 1042.23 3282.37
488000 1197.58 1041.97 1043.57 3283.13
488250 1195.99 1042.29 1045.36 3283.64
488500 1197.28 1041.36 1044.79 3283.42
488750 1197.73 1042.86 1046.65 3287.24
489000 1198.7 1042.12 1044.95 3285.77
489250 1197.67 1043.3 1045.47 3286.45
489500 1199.29 1041.66 1045.01 3285.96
489750 1199.79 1047.38 1046.73 3293.9
490000 1202.56 1048.91 1044.58 3296.04
490250 1203.35 1048.78 1046.31 3298.44
490500 1205.48 1050.25 1046.48 3302.21
490750 1204.76 1052.91 1049.69 3307.35
491000 1208.44 1055.26 1050.55 3314.26
491250 1211.21 1055.16 1050.14 3316.51
491500 1212.66 1055.43 1050.3 3318.38
491750 1211.38 1055.63 1052.52 3319.53
492000 1211.36 1054.78 1053.95 3320.09
492250 1211.83 1054.22 1054.79 3320.85
492500 1211.89 1055.71 1054.78 3322.38
492750 1211.89 1057.14 1056.1 3325.14
493000 1210.91 1059.63 1057.66 3328.19
493250 1209.77 1060.13 1060.28 3330.18
493500 1213.17 1061.01 1061.58 3335.75
493750 1215.58 1063.81 1064.23 3343.63
494000 1219.96 1063.45 1063.69 3347.1
494250 1219.63 1064.75 1064.01 3348.39
494500 1221.57 1067.57 1062.7 3351.83
494750 1225.13 1067.73 1063.36 3356.22
495000 1227.23 1070.74 1061.11 3359.07
495250 1225.23 1071.49 1060.39 3357.12
495500 1225.63 1072.54 1061.83 3360
495750 1226.76 1073.28 1060.98 3361.03
496000 1227.76 1074.99 1062.6 3365.36
496250 1228.01 1076.07 1061.85 3365.94
496500 1225.5 1076.81 1063.04 3365.35
496750 1227.02 1078.26 1064.33 3369.6
497000 1225.66 1078.62 1066.47 3370.75
497250 1227.08 1078.13 1067.13 3372.35
497500 1226.81 1077.58 1066.78 3371.17
497750 1229.72 1076.87 1065.8 3372.4
498000 1227.07 1077.03 1068.5 3372.6
498250 1225.98 1078.64 1067.9 3372.51
498500 1224.19 1080.72 1069.95 3374.86
498750 1223.34 1079.45 1071.28 3374.07
499000 1223.6 1082.08 1072.49 3378.17
499250 1226.72 1082.47 1074.92 3384.12
499500 1227.55 1081.29 1077.01 3385.85
499750 1230.09 1081.79 1077.88 3389.75
500000 1233.7 1079.73 1080.05 3393.48
